0.000000 0.000000 10.000000
0.333333 0.666667 10.000000
-1.230000 2.130422 10.000000
-0.896667 2.797089 10.000000
-2.460000 4.260845 10.000000
-2.126667 4.927512 10.000000
-3.690000 6.391267 10.000000
-3.356667 7.057934 10.000000
-4.920000 8.521690 10.000000
-4.586667 9.188357 10.000000
2.460000 0.000000 10.000000
2.793333 0.666667 10.000000
1.230000 2.130422 10.000000
1.563333 2.797089 10.000000
0.000000 4.260845 10.000000
0.333333 4.927512 10.000000
-1.230000 6.391267 10.000000
-0.896667 7.057934 10.000000
-2.460000 8.521690 10.000000
-2.126667 9.188357 10.000000
4.920000 0.000000 10.000000
5.253333 0.666667 10.000000
3.690000 2.130422 10.000000
4.023333 2.797089 10.000000
2.460000 4.260845 10.000000
2.793333 4.927512 10.000000
1.230000 6.391267 10.000000
1.563333 7.057934 10.000000
0.000000 8.521690 10.000000
0.333333 9.188357 10.000000
7.380000 0.000000 10.000000
7.713333 0.666667 10.000000
6.150000 2.130422 10.000000
6.483333 2.797089 10.000000
4.920000 4.260845 10.000000
5.253333 4.927512 10.000000
3.690000 6.391267 10.000000
4.023333 7.057934 10.000000
2.460000 8.521690 10.000000
2.793333 9.188357 10.000000
9.840000 0.000000 10.000000
10.173333 0.666667 10.000000
8.610000 2.130422 10.000000
8.943333 2.797089 10.000000
7.380000 4.260845 10.000000
7.713333 4.927512 10.000000
6.150000 6.391267 10.000000
6.483333 7.057934 10.000000
4.920000 8.521690 10.000000
5.253333 9.188357 10.000000
